# Number of parameters = 8  Objective function value = 666.200  Maximum gradient component = 80.1483
# logT12:
-4.60568479738
# logT21:
-6.20509859198
# logr:
0.253474294795
# logK:
11.9083707232
# logsdlogF:
-0.397932742953
# logsdlogPop:
-2.42671850147
# rho:
0.00000000000
# logsdlogYield:
-2.35956094058
# LmeanProportion_local:
2.19722457734
# logsdLProportion_local:
0.326638327562
# qProp:
0.524969844740
# Lpfat:
 -2.58668934410 -2.58668934410 -2.58668934410 -2.58668934410 -2.58668934410
# U:
 -12.1788675632 -12.0106712158 -6.71522093470 -8.35973867746 -9.48581846908 -12.0750024663 -11.3864201145 -6.89809913953 -8.75413880223 -8.80283165116 -11.9370167032 -11.0995651041 -6.89029624294 -9.55725349093 -9.20545705212 -11.9052477277 -10.9614979796 -6.72283749186 -9.01841783952 -8.98898094014 -11.8995734948 -10.8147756402 -7.38770403145 -8.98813301214 -8.77495638400 -11.9037984657 -9.49446085439 -7.34520533969 -9.57231424727 -8.01362771197 -11.9076586916 -9.21906218550 -7.15118317276 -10.1367173312 -8.01819993260 -11.9082087524 -9.94121797954 -6.78751728554 -9.25443875963 -8.04618761866 -11.9056884929 -10.1280824550 -6.97481738204 -9.23349386911 -8.33384421420 -11.8942030122 -10.6828888648 -6.94348926117 -8.88671898200 -8.61905165141 -11.8830544175 -10.9013364435 -7.25159912877 -9.24215442858 -9.02678422187 -11.8920867935 -10.6996234050 -7.14782019118 -9.07340926077 -8.54505063054 -11.9039072998 -10.2927258775 -7.08580731305 -8.94298819663 -7.86795039343 -11.8969693108 -10.4134056147 -6.93413588508 -9.23076538160 -8.11054348209 -11.8965116403 -10.3370004322 -6.87585811261 -8.55117680437 -8.73289513815 -11.9015117606 -9.52957953900 -6.98617915955 -8.34870068431 -8.37429104918 -11.8942162499 -10.2038844862 -7.30027188565 -8.55136646404 -8.08931435403 -11.8882415985 -9.34879388076 -7.21615316458 -8.49723090642 -8.36302388427 -11.8928541080 -9.15659539887 -6.51487542478 -8.59026483621 -8.93306217103 -11.9036228195 -8.70153551590 -6.74720869266 -6.98743609880 -8.82386574593 -11.8994956770 -8.35090316649 -6.84927506226 -6.95117352797 -8.73892342675 -11.8893988172 -7.79172729504 -7.30079578224 -6.73929520933 -9.29861748485 -11.8973328374 -7.12441845067 -7.11669753198 -6.40124764233 -8.71479040780 -11.9062534748 -6.21402381806 -7.38035005182 -6.14481796090 -8.62138560152 -11.9032669921 -6.23882137678 -7.27445118031 -5.98881867392 -8.16313856484 -11.9004606588 -6.40365698421 -6.81392180988 -5.79341253648 -8.76992918566 -11.8993290195 -6.25449870011 -6.86531486733 -5.92634717856 -7.79412967224 -11.8944346512 -6.20099478346 -7.62862933612 -5.71726890632 -8.11398607947 -11.8910131530 -6.30507765080 -7.63822217965 -5.38891368574 -7.42219951355 -11.8362329254 -6.51229062811 -7.80734111619 -5.20756512371 -7.38464802287 -9.58920619680 -6.86094487331 -8.28875469531 -5.74804664587 -7.27453043636 -7.25254068361 -6.72647860308 -7.73768582112 -5.96535952109 -7.90603716112 -6.19660500497 -6.66878695896 -7.92988888480 -6.96807404706 -7.89649279858 -5.89806380124 -6.30231994481 -8.75007017421 -7.13639426810 -7.36472254849 -5.18181642305 -5.98973084380 -7.82663536824 -8.35299670260 -7.25345255685 -5.44063571867 -5.75706223898 -8.69998876369 -9.56807443455 -7.52308900725 -5.62008589774 -6.36355673395 -7.56076046065 -10.7088975637 -7.58678663882 -5.65214521150 -7.02120049269 -6.07944691531 -11.8506041777 -9.54691762153 -5.97925268962 -6.24819853826 -5.53141563241 -11.8894232795 -9.48626442404 -5.49293783696 -6.76595356373 -6.33266898518 -11.8977646058 -9.18297151610 -5.35803305063 -6.42740388027 -7.15266970015 -11.8906459383 -9.19537294594 -5.17164353253 -6.49462333028 -6.70015305654 -11.8819288137 -10.9328852776 -5.20825271676 -6.13490117214 -6.27593994538 -11.8626058273 -11.2573012493 -5.22698898335 -6.10586048637 -5.97978051584 -10.7472952950 -11.5698733584 -5.29576783457 -6.53222461526 -6.45585189713 -10.6887404376 -11.8846910436 -5.55793744314 -6.64679118536 -6.12640632753 -10.5775788848 -11.8866729239 -5.34855614701 -6.51604428070 -7.12788357201 -10.4633444782 -11.8662691076 -5.04789378588 -6.46105627315 -7.18683394158 -11.2577521062 -10.8480928110 -5.39572826096 -6.55627734841 -6.80282332781 -11.5818547637 -11.8623115139 -5.59613196959 -6.61137202982 -6.81711108605 -11.4745973219 -11.8727204001 -6.08289548838 -6.68907513021 -7.70207422073 -11.2535490394 -11.8713346785 -6.27598965724 -6.43987269169 -6.38461548164 -9.66741662290 -11.8843099761 -6.23942002115 -6.40747651508 -6.41993784240 -9.65251721746 -11.8991603422 -6.27821345317 -6.30551838250 -6.14470124540 -9.81742822796 -11.8607570197 -6.69564014789 -6.48412482836 -6.58611624559 -10.0503094377 -10.8133712961 -6.71355233400 -6.09283911652 -6.70813951045 -9.64329860573 -9.64523196215 -6.68407277407 -6.05080987550 -6.32810705175 -9.09498256258 -9.82113924256 -6.35982354788 -6.08020837818 -7.32450550367 -9.47777686785 -10.0746099611 -6.47079660916 -6.13095760978 -7.05653723411 -10.0945048353 -11.8328272109 -6.16033200874 -5.99859538799 -6.44810468014 -9.96210337174 -11.8854887433 -6.11815819940 -5.82331855592 -6.56194839853 -9.48289078050 -11.9011009287 12.0471122946 11.8292187873 11.7860959466 11.7792365040 11.7839770997 11.7961595432 11.7971009634 11.7991450916 11.7934845019 11.7765703231 11.7710777131 11.7991500840 11.8010427524 11.7855861944 11.8017046509 11.7996278673 11.7878084352 11.7870131361 11.7974702377 11.8121058126 11.7905265658 11.7908841564 11.8085516794 11.8111858187 11.8025054752 11.8061397465 11.8004109700 11.7927725814 11.7912477702 11.7779853413 11.7985290163 11.8082162321 11.7941708138 11.8144576444 11.8085218091 11.7888469241 11.7712425725 11.7729181660 11.7951487826 11.7921071791 11.7801808339 11.7715103842 11.7947430472 11.7919399752 11.7783452119 11.7797196136 11.7897276155 11.7893807070 11.7787392307 11.7604481052 11.7771067585 11.8109221352 11.7995018637 11.7867670293 11.7961404457 11.8319483712 11.8331296043 11.7929573926 11.7896625929 11.8209061723 11.8256659217 10.1096331317 9.84169422564 9.76068659109 9.71758104438 9.68487624322 9.66195994685 9.64909352943 9.64685369138 9.63479346553 9.61494052711 9.60356556644 9.60097837521 9.58383824676 9.56976792174 9.56896718860 9.55264000214 9.53977806965 9.54206017777 9.54713797514 9.54158293900 9.52036104471 9.51857746611 9.52446677759 9.52065875910 9.51186002283 9.50872034951 9.51111697216 9.53082100132 9.55718063066 9.57385086842 9.59714371397 9.60673209239 9.60320932045 9.60813182640 9.59548828627 9.58453609501 9.58613614146 9.59388117257 9.59579381091 9.58084361836 9.58031566382 9.59684226735 9.61958832685 9.61775795433 9.61056566695 9.61012956644 9.60569332110 9.58825292535 9.56332896707 9.54196019856 9.53564214632 9.52190562199 9.48469901164 9.46183834453 9.45191625835 9.43981624581 9.40065831889 9.35475713346 9.33854092754 9.32959574472 9.29951227648
