#
# Number of fishing gears
5
# Number of time periods
244
# Time step (years)
0.25
# Catch data file path
# five_gears.dat
# one_gear.dat
0.0 0.0 0.0 0.0 0.0 0.0 0.0 0.0 0.0 0.0 0.0 0.0 0.0 0.0 0.0 0.0 0.0 0.0 0.0 0.0 0.0 0.0 0.0 0.0 0.0 0.0 0.0 0.0 0.0 0.0 0.0 0.0 0.0 0.0 0.0 0.0 0.0 0.0 0.0 0.0 0.0 0.0 0.0 0.0 0.0 0.0 0.0 0.0 0.0 0.0 0.0 0.0 0.0 0.0 0.0 0.0 0.0 0.0 0.0 0.0 0.0 0.0 0.0 0.0 0.0 0.0 0.0 0.0 0.0 0.0 0.0 0.0 0.0 0.0 0.0 0.0 0.0 0.0 0.0 0.0 0.0 0.0 0.0 0.0 0.0 0.0 0.0 0.0 0.0 0.0 0.0 0.0 0.0 0.0 0.0 0.0 0.0 0.0 0.0 0.0 0.0 0.0 0.0 0.0 0.0 0.0 0.0 0.0 0.0 0.0 0.0 0.0 0.0 0.0 0.0 0.0 0.0 0.0 0.0 0.0 0.0 1.319047 7.4244 0.2453935 5.593248 23.69703 59.9445 18.42538 8.397356 62.17481 196.5874 39.85308 12.21706 45.90899 251.3995 93.00957 34.35645 184.4488 584.9482 57.12905 54.87424 240.5813 250.0768 92.57276 94.57219 127.5561 217.6604 83.23874 84.00531 187.5396 165.9853 71.70524 38.96631 146.8269 120.2083 54.25554 69.22273 151.9172 296.6716 91.96222 85.60241 157.4551 304.7025 137.4476 106.4105 300.998 306.7219 110.9764 105.2956 235.209 321.333 135.1556 148.6445 190.4253 336.0457 116.4871 105.4983 180.3012 345.475 104.7839 96.15886 145.9252 230.6998 79.94248 90.47898 211.5609 237.0515 152.9718 158.7315 198.0235 406.1189 194.0015 177.9035 159.5112 255.8306 63.27251 74.37191 160.1072 225.952 74.85453 57.87657 93.93626 142.8031 28.18215 45.03809 78.06869 123.393 25.82664 32.29215 77.51032 132.2666 45.0068 36.63076 68.38404 127.684 41.89833 25.60121 42.3374 81.02112 27.27995 28.43616 52.27561 80.01505 17.54268 27.99754 49.86023 74.96612 32.27264 30.91368 51.42603 121.2194 52.44254 33.96863 58.34468 84.36773 42.03758 39.13187 58.60731 154.5326 55.76782 42.13238 81.41575 128.6284 72.04952
0.0 0.0 0.0 0.166922 0.3696778 0.252651 0.3887287 0.0 0.1469639 0.8128375 0.3533485 0.0 0.0 0.5098378 0.8373315 0.2199923 0.5706192 0.5656297 0.4467885 0.2875776 1.484154 1.58848 4.6339 2.724729 3.296256 3.108469 4.650229 3.043151 0.6590697 2.636279 2.003971 0.7484274 0.8772476 0.7248406 2.272044 1.102229 0.3737601 0.5833198 1.370303 0.0 0.1986735 0.5642689 0.7348196 0.1397064 0.3932646 0.6459155 0.8572896 0.3801104 1.198845 1.46465 0.6699559 0.7493346 0.6177928 0.8128375 1.145321 0.8083016 0.3651419 1.252822 1.265523 0.7810861 3.152467 4.744576 1.35987 0.8677222 0.8736189 1.841131 1.172083 0.3324832 1.671034 2.732894 5.423604 2.06702 1.18569 7.437554 3.538928 2.154564 3.059934 7.977783 8.845051 3.781146 4.660662 14.91003 10.38636 3.616038 5.616381 21.97383 22.22013 9.182978 10.39951 29.84139 55.80502 20.4357 35.02776 88.25592 142.7029 36.98683 41.22202 62.38211 122.157 62.77174 19.29128 88.08446 119.4241 14.03007 14.61611 144.6592 103.6082 19.70632 15.21984 138.3112 110.946 32.69947 18.94247 99.64018 106.2155 41.97045 28.79041 103.2494 62.86836 20.98772 14.34486 74.22177 46.3458 15.37542 13.55969 81.90608 63.40813 18.5102 15.97779 84.21078 73.09777 12.42027 32.0277 78.97497 99.8062 60.99457 41.00021 135.8437 159.3139 38.26551 52.93604 191.3724 155.8258 76.04249 66.50027 98.29982 59.34122 25.37169 18.21173 49.23292 34.8182 20.95007 45.28984 110.8616 111.4599 22.79755 23.84172 55.31423 54.27913 31.194 49.25469 77.58924 76.75781 33.86475 23.883 83.98172 80.16882 27.14161 22.81978 106.7335 142.5292 45.82054 56.14702 104.9386 112.0087 58.65312 40.84191 68.51422 69.97978 30.79756 27.80929 51.61246 73.79494 33.29277 33.96273 59.74991 96.6873 25.22835 33.42386 67.92863 103.811 23.91248 20.72282 54.87969 98.96977 31.05792 31.86849 88.84332 58.07887 13.13014 17.91418 52.30374 82.20182 23.02843 35.89821 83.04142 90.09388 24.81377 38.94181 70.18798 95.5583 36.86391 47.94245 98.81464 77.22864 42.48528 38.88103 69.33522 63.74742 45.05125 56.47406 112.9413 118.7047 47.97964 61.95618 133.9762 121.5224 35.60065 52.6784 128.3304 93.54798 60.58134 45.01405 124.1033 68.2847 72.22279 65.77634 118.1005 100.4512 74.90262 56.29172 144.8357 155.4121 80.79614
41.9133 65.68607 101.7498 27.45731 28.10685 47.63491 69.87636 29.7611 28.43298 40.27265 60.15723 24.52483 8.261278 39.67799 112.715 20.26832 9.153948 13.9965 45.96524 19.25862 11.58021 24.55613 43.38294 14.53764 18.1954 29.7992 30.08905 36.72601 20.8208 44.06967 64.41511 39.65214 25.85658 33.48963 37.35968 40.00413 19.86145 47.2362 56.01684 18.46348 7.918362 30.47596 43.60701 18.47073 22.53583 34.74472 42.07477 14.69095 12.72826 33.70962 37.08753 38.96404 23.65711 31.70883 54.55854 32.41462 19.89864 43.46957 56.12525 31.69205 27.07538 51.27272 39.2117 18.60817 16.52074 33.66608 34.66716 11.96667 10.56734 27.22461 42.8046 23.54643 24.42413 77.76342 52.69337 66.00812 33.31046 50.30702 67.81433 20.56134 31.78503 48.58564 57.03334 19.16201 11.31078 25.5309 31.21804 27.59701 17.30591 43.54532 48.82332 9.950909 11.12798 9.213822 57.6652 12.48241 22.67962 9.951817 39.18947 28.59265 48.50853 20.76637 59.80116 33.98677 42.85722 46.51998 49.9886 16.12476 14.39475 16.88044 23.48429 14.05411 11.92404 11.97665 24.05491 21.75066 14.50452 18.60228 21.18276 4.38896 10.08381 10.07837 12.11545 2.511995 3.386521 23.8458 22.79574 15.01527 6.398828 22.38796 21.09341 3.367016 1.119466 9.193864 5.520219 5.745655 16.34248 30.96131 8.838701 5.195447 2.020754 6.824297 4.550439 9.056425 15.40763 10.34916 22.55669 25.54904 64.43506 57.45428 142.9814 72.41285 54.08227 97.27833 356.0374 89.1436 81.47562 95.31155 61.40053 22.20153 15.22755 12.59172 59.65692 22.10537 36.79541 29.15057 64.15202 47.09287 65.16762 32.65321 143.4558 33.16395 64.72218 60.35221 162.3563 92.10546 57.32946 30.04166 96.0772 40.55231 33.1077 103.9171 173.5294 16.92019 12.0306 18.11989 53.71742 29.5331 27.86318 5.939109 32.30464 42.46637 49.92367 19.58458 54.90247 37.99854 60.30881 14.91143 54.21378 30.1389 18.8428 4.472502 5.407982 31.65601 150.6034 26.22779 24.1046 53.34083 23.66805 16.89789 53.54415 142.8793 137.293 31.27281 27.15137 121.0156 63.81698 25.75346 41.41144 66.19654 33.69427 17.23026 47.52834 78.60259 120.0565 66.30305 25.75736 64.10303 24.17997 8.17524 17.07984 43.31249 24.27801 11.27128 63.21177 22.81768 41.83239 68.78817 48.17292 74.72831 62.55263 32.50008 35.36293 76.363
5.350122 5.478489 26.67168 7.683401 4.984527 6.577543 11.79113 3.664573 3.633275 2.519252 0.7801789 2.480243 1.615242 5.691223 8.298472 1.565347 2.587291 3.886833 7.792717 3.415551 1.254636 4.152185 2.95969 0.9212461 1.163464 0.1034191 2.754213 0.6472763 0.3261329 2.771903 7.470213 2.965133 4.939621 2.740152 3.250897 2.417194 2.33464 3.148385 11.71039 2.423544 0.996996 3.12253 6.217844 2.484779 0.3043605 5.32835 9.350353 0.7878899 1.192948 5.867217 9.18207 2.302888 1.588934 1.735898 8.292122 1.408404 3.145663 10.46392 8.634584 5.488468 5.73114 7.571817 12.87023 8.134272 6.655561 9.909179 8.957542 1.579409 3.605606 12.01113 8.78427 4.405743 4.741855 7.578621 6.065437 6.688219 9.777184 50.76969 33.59895 46.78125 19.0155 54.41476 38.73452 27.12256 10.35052 22.87512 72.48361 65.0651 23.78049 32.20234 67.94224 119.351 39.77143 55.51426 88.66551 133.8279 53.50802 38.12444 140.4322 136.8896 106.0104 73.63392 170.353 102.0066 79.66715 80.35343 170.9649 57.09866 29.29753 85.91856 231.5662 132.2512 86.42159 189.0192 210.255 183.4123 102.3622 227.7687 258.8634 221.9754 119.2209 157.8411 138.5643 45.73844 72.52443 124.4812 136.9482 54.08681 32.73667 59.7744 25.01562 18.02304 30.5558 86.8838 2.838581 0.2658051 0.05216312 1.385271 1.802122 0.1383457 0.0 0.0 9.132175 0.1750867 0.9661517 1.879687 30.95632 1.203381 0.0 0.0 0.0 0.0 0.0 0.0 0.0 0.0 0.0 0.0 0.0 0.0 0.0 0.0 0.0 0.0 0.0 0.0 0.0 0.0 0.0 0.0 0.0 0.0 1.016954 0.2317857 0.3665026 0.6422868 1.124002 0.6114425 0.1578501 0.4368095 0.7339125 1.422466 0.3810176 0.1673756 1.165732 1.288202 0.5792375 0.2408575 0.1016047 0.3778424 0.3887287 0.0 0.117934 0.0 0.0 0.2249818 0.4848902 0.0 0.0 0.0 0.0 0.1528606 0.1660148 0.4726432 1.653344 4.216141 1.936386 0.8187342 1.491412 1.961787 4.445205 0.6177928 0.4626642 2.482057 3.42054 0.5701656 0.5424965 2.291095 1.561719 0.7552313 1.729094 1.512277 3.671377 1.637468 2.231221 6.648303 3.550267 3.817887 2.333733 2.900723 3.167436 1.90917 2.257529 0.9693269 1.1553 0.4313663 1.254183 0.8504857 1.985827 1.696435 1.268698 3.508083 3.005503 2.594095
2.34598 2.868972 5.858599 2.478429 17.57897 5.043947 3.337079 0.1814369 5.198169 7.472934 0.3755745 1.014686 3.38017 5.552878 7.891146 104.3884 9.52544 1.888759 7.905661 2.093782 7.686576 27.88958 7.364979 5.978801 10.53831 20.10866 4.880654 12.3926 16.23498 19.62059 2.441234 8.605554 0.7098721 1.305892 2.4748 0.0 8.864102 8.933502 6.550327 1.187505 0.6436476 12.5382 0.0 2.805015 12.56451 9.127639 2.041619 3.53167 12.38897 35.17654 4.239728 5.196808 22.48548 16.91627 1.958158 2.186315 5.335153 7.109153 2.91297 6.700013 17.55448 8.979768 5.493911 1.080911 11.09759 24.85868 1.521802 7.118679 3.768445 21.61867 3.10484 4.73369 5.826394 6.598408 1.376199 4.144473 15.61764 4.054662 0.0 1.104044 11.17243 4.487843 3.141581 4.194822 0.5216312 5.570114 3.335718 2.521066 10.19766 8.582875 3.577029 1.070024 2.432616 18.84359 0.8740725 3.301245 37.90036 1.376199 0.0 2.999606 4.796286 8.114314 6.511772 1.585759 8.886782 43.47592 1.012418 8.307091 21.58192 13.49528 2.983277 3.639172 8.95981 23.4031 12.0964 43.45143 29.0027 50.35556 6.191536 3.576576 44.22253 40.45409 5.962472 11.72219 17.27416 22.09811 0.0 13.42361 31.29515 2.014857 6.167495 13.91168 23.95557 30.6828 5.258496 34.32606 54.18342 23.74783 12.42616 15.60403 8.151055 17.48553 18.68664 34.05662 44.16538 25.916 3.987531 1.988095 4.696042 4.118619 0.0 0.0 0.0 9.994454 0.0 0.0 6.649211 7.5886 0.0 0.0 11.94581 2.501108 0.0 0.0 1.494133 0.0 0.0 0.0 0.0 0.0 0.8835979 0.0 8.564278 0.0 0.0 0.0 0.0 0.0 0.0 0.0 0.0 0.0 0.0 0.0 0.0 0.0 0.0 0.0 0.0 0.0 1.991271 0.0 0.0 0.0 0.0 0.0 0.0 0.0 0.0 0.0 0.0 0.0 0.0 0.0 0.0 6.48501 0.0 0.0 0.0 0.0 0.0 0.0 0.0 0.0 0.0 0.0 0.0 1.907356 0.0 0.0 0.0 5.531559 3.366563 0.0 0.0 0.0 0.0 0.0 0.0 5.423604 0.0 0.0 0.0 0.0 0.0 0.0 0.0 0.0 0.0 0.0 0.0 0.0 0.0 0.0
# MFCL forcing data matrix path
# total_biomass.dat
475240 518010 558800 374840 450500 489170 541420 328410 376470 447610 537270 343990 434710 468120 497470 330750 429710 462420 499370 373360 499410 527170 585910 473240 666870 725660 798770 520850 640620 668500 694850 432850 499500 485430 482760 331080 419400 430910 439920 313880 412620 430780 444520 309930 409150 424790 429310 307070 428850 461250 464290 308390 393360 408490 412530 271220 327890 326300 323610 221370 269200 260710 256890 182770 243960 259160 253470 183820 256680 279610 285800 190390 250370 275970 280970 184230 231040 239260 244450 167650 227720 255470 260300 185310 257740 283090 291910 196570 256900 263220 262070 181960 246300 259670 268530 192240 256400 272620 284010 201990 281680 308600 323490 241190 346530 374040 390220 280450 374720 380620 389040 264810 335410 334740 334870 227290 296560 321670 356390 243320 310890 330420 365930 258300 348860 377120 392680 247450 302390 305550 317470 225470 296240 298160 318830 223110 290880 303420 329110 251530 341230 347520 366580 278990 397920 419800 428380 292090 380510 383400 394870 278630 359640 357360 365070 285540 411940 419420 432580 307400 453110 518190 530480 323820 405460 425460 455490 322120 423270 424520 442270 319010 437370 443550 446780 269880 369360 450580 496040 313120 401520 424390 457630 285350 416150 530960 567190 319580 384470 414350 437690 264480 316590 312970 313240 206630 269660 277240 294490 202330 264450 277410 292320 197510 260110 267030 270040 162540 204680 250660 290790 171940 209120 230390 250860 152370 178290 181640 187880 133330 181150 188250 202970 140020 183490 192940 201280 131560 169600 195460 231880 157000 205880 234680 275190 184760 236740 248130 261480 179560 255660 289640 314630 188800
48955 48101 50207 50683 49843 48974 50928 49674 48111 47360 48817 46346 44578 43396 44471 43612 43350 43189 45572 47053 51627 56163 64073 74561 82839 89607 99772 107190 112400 114110 115810 112490 106850 99201 94702 88183 81410 74907 71703 67354 64845 62629 62579 62071 63126 62433 63282 64400 69280 73293 76150 76904 79029 81150 84850 84026 82476 80172 79871 76834 75286 73056 72319 72346 75825 75927 76191 76955 82045 85973 87655 86933 87542 88228 89557 87719 85198 81215 81251 79338 78257 76713 75530 75673 78704 78649 79663 80540 86156 91304 91836 91641 94800 97481 99553 99756 98128 95030 94166 92521 92871 92789 91656 91781 99734 106530 109210 116600 127660 130480 135390 141870 144800 142150 140540 137360 133530 131680 132680 127840 124330 122790 126550 129530 130280 128810 128060 127260 125300 120710 120140 120630 116830 110870 110360 111130 111220 109520 109320 109800 109640 107750 109110 109070 108130 105840 105010 102330 97672 91866 87648 84697 82659 78713 76822 75528 76543 76599 79373 85828 94518 98916 101750 106990 113280 116710 119290 122170 122420 116390 114280 114920 114120 109930 105860 101940 99595 97484 94913 91439 88819 85522 84043 82254 80544 77507 74251 70753 67826 64687 62142 58805 54876 50173 47372 44812 42534 39927 38412 36958 36053 35056 34909 34858 35112 34898 35245 35185 37008 39541 40583 41258 43632 46477 48914 49833 49911 49150 49098 50490 51737 49792 49069 49640 50260 49718 49154 47532 45259 43027 41412 40250 39941 38366 37272 37278 39200 40902 41862 42651 43986 44922 46294 47016
1082200 1028500 994930 1213000 1180500 1055400 1028300 1223300 1181000 1039400 1003700 1167200 1101000 990380 969230 1172700 1173700 1081900 1072400 1282000 1261200 1142100 1116500 1368100 1339400 1192700 1158100 1493700 1465300 1299300 1275100 1540300 1489800 1292000 1235200 1367700 1293000 1101200 1030000 1133900 1071200 916290 876580 1023800 999670 876950 859810 1012800 1006800 907440 905930 1072100 1085300 975100 984290 1121000 1104600 949970 914890 982270 960290 832680 812250 865350 848290 732170 716200 773080 767000 654830 642480 719440 715270 618550 632410 730240 756300 682490 702260 778530 782400 669610 664240 736000 724610 617430 599610 689510 679990 588290 584620 674650 659890 559130 544390 637710 618580 527880 525920 637600 635580 566800 576700 706930 717180 647890 650750 809920 802400 695120 677430 818410 791200 674060 642760 749310 726530 635110 605540 732210 705750 618130 591980 737810 717130 619610 598620 743310 716890 607890 580970 678840 648070 558250 544510 671810 667990 595580 586160 713240 691590 597220 573180 721410 693970 608450 589170 750550 728740 644940 619760 766670 718250 598850 552770 670630 640210 563610 542060 712200 674490 568210 509730 674400 626360 510840 465870 619300 563420 455910 419250 587460 543630 448530 429160 597970 552450 432340 416320 608210 582940 471480 445250 643840 569790 421510 373790 610210 523560 428830 382680 530980 468200 378560 342890 436600 400460 338710 320730 451830 429480 359910 329550 452130 427140 350260 324540 406930 394040 338630 312030 388850 360830 323800 297040 353520 334410 301240 274970 331300 314200 282140 260910 333170 322570 291990 278350 331190 324830 307830 270910 357680 343720 316810 283470 372070 341590 297850 261950 358310 327420 273820 259540 397120
660840 608860 549780 672280 677970 628260 572610 682140 690290 637920 575040 667950 660430 609840 553290 682360 704610 668170 615000 738360 749760 695880 629210 737290 747500 694590 627250 760310 796380 763030 711710 902280 935910 867740 774510 921540 891990 780980 672500 763060 724910 631980 554940 664540 664830 610740 561650 759250 774880 717430 667580 894590 889460 808680 746300 964650 936630 817460 726030 905290 863790 751240 667270 844800 802940 691880 614370 809040 775580 671960 602670 793980 747580 641140 584100 802910 783550 695170 638800 849860 803490 680740 597740 729780 680690 574830 497040 594000 560550 487950 436320 529860 507670 441220 388950 475560 462670 412770 375200 493910 493090 446300 412150 530160 527780 480690 441630 559390 557310 501070 449970 549590 536860 470830 415660 481660 469190 420210 372090 441420 438990 400700 364610 440810 441550 402540 353460 422250 422120 386810 353280 430400 425740 381760 341170 410700 411900 380010 346000 416900 422040 386760 344140 384560 383000 348980 310500 355440 368510 349000 316090 358390 369970 339430 292190 310570 316260 302800 276260 320560 341950 318880 275710 333820 348170 320380 286730 325660 328800 296360 256960 274740 272450 256970 237220 322940 347330 327780 304250 390950 381450 339790 281880 287930 282100 252700 210040 192790 212190 218980 196270 250580 243520 222520 189870 231010 222540 210440 156880 159820 166160 159760 136840 135800 143000 155840 155050 210700 209590 198560 174850 219020 214680 201730 179640 206860 184030 175080 160100 187780 183130 178360 157730 198880 188630 180740 164430 176330 149210 146460 127620 151910 134450 121780 109260 156680 168060 155490 130250 179750 176150 147680 101300 139980
801280 805400 527950 553140 752430 772210 488280 468730 665020 729270 490780 469630 665120 718890 497680 531670 779460 856010 560950 581730 834460 869390 549490 540340 762330 767380 468410 460220 691010 748890 484570 479630 718450 764080 492890 488270 708990 723210 465150 475320 658140 675810 429970 445900 672350 718990 454830 460550 679290 741890 494840 502980 700930 737990 481060 495800 710880 729280 462250 476630 686120 713050 441800 435270 627800 647340 392770 370280 516090 509590 320090 323410 433180 439530 285130 300030 435820 460590 299840 314790 469200 492870 311790 308540 443750 458310 295320 305240 436200 461290 293610 302330 441600 472300 309810 310760 445680 522040 373340 377090 534270 611410 415320 423410 591790 619090 390770 381880 527820 519940 318470 309590 425660 432030 270520 260440 376240 398090 257530 257890 378680 399310 263440 278090 404360 425440 300330 365120 507100 526510 346170 370280 530070 567690 370080 393310 550780 590150 410110 464270 642160 696090 485990 517110 708160 753290 512150 533580 696410 699170 449790 471160 644020 697440 474660 497690 648080 689400 460990 469800 603520 617530 415070 428910 532570 547320 369320 395020 525530 533280 341580 358460 491620 496440 306720 302950 403080 408820 263290 264940 335700 337970 212940 207680 282530 286030 186760 191960 249380 259450 165720 168410 240700 256740 191650 229700 286130 307410 219640 249460 344840 371440 249010 263990 348760 362070 226830 224520 283180 297340 207440 219700 272380 290730 199960 223120 291140 313530 218520 237380 309390 339420 237240 258060 317320 338150 234150 250950 304790 322760 222470 235720 280630 288730 204640 234600 285680 300790 221210 263990 318050 346160 241050 265200
404720 406530 386350 238600 239320 399590 370550 209540 201260 379780 366380 218950 245940 415790 386230 231340 249810 432210 396520 231620 235000 408880 380750 231820 236910 425920 420890 283240 323000 528580 507040 314810 330180 549290 504530 289320 281060 470510 413670 241380 266340 441460 396530 284210 372000 543040 510430 324400 410050 672870 628060 378660 424840 666620 623650 366510 405450 650890 589820 363350 407830 603920 549000 362020 436900 625760 565910 336700 390870 612850 564910 332650 384520 621620 594370 353540 373640 559680 549250 339410 333980 491490 439510 250340 265760 426310 372850 212220 217820 340090 305980 174550 192920 326600 295120 189960 224700 344450 327900 210170 239330 365660 341760 220840 251870 376200 346170 220010 241630 363480 330640 198250 201010 315050 280380 160020 162030 273140 255230 153190 160870 264770 249360 151860 164110 276040 256260 159980 171780 269910 251850 154780 161210 260290 242700 146480 154900 255360 236960 138980 138960 234940 211240 119780 118500 205870 186950 108050 105480 189840 170060 99950 101860 185590 164980 103710 115520 189700 173780 106990 124220 221950 203760 124520 134630 219040 202190 119760 120390 191470 172130 118220 154730 234180 219830 142300 167400 274090 267110 158010 157910 243410 221490 133650 153310 233020 212500 139470 163950 226040 217230 138570 153510 218600 201950 122510 128900 181460 166210 102520 111120 155940 146430 99457 118960 161480 151710 95289 108960 180090 178850 101770 102470 159780 150760 100350 116440 159450 147490 95325 111760 168730 163030 98315 102840 151710 140110 87386 98723 143730 134760 85319 96062 138390 135230 84602 91742 137500 131780 84618 100660 160250 162360 106200
1914300 1958300 1973100 2168600 2087600 1961200 1949300 2021500 1900100 1799400 1760600 1796300 1823100 1842300 1816700 1955900 1987100 1944900 1972700 2154700 2154200 2064800 1991200 2106500 2112900 2100300 2082600 2265900 2275400 2179000 2172400 2413200 2400800 2209300 2098800 2144800 2043700 1908500 1788200 1785300 1666400 1540600 1475000 1589400 1578000 1467800 1409100 1522100 1592700 1612900 1582300 1696200 1696500 1660800 1654500 1745000 1694000 1608200 1549700 1585000 1516400 1413700 1337700 1368900 1313900 1215400 1130900 1145400 1081200 1009200 996970 1106300 1105100 1102700 1133900 1227400 1237200 1208300 1218400 1287200 1219000 1109400 1035500 1087400 1063200 972710 917950 984970 968210 906980 874470 931300 889290 829710 811500 882010 824500 791340 795260 881550 895500 920020 947970 1026600 1020800 1043500 1066300 1167100 1134200 1073100 1072800 1207600 1179300 1122600 1116200 1194700 1180000 1146200 1154500 1213300 1166000 1098100 1105700 1201000 1138500 1045200 1024500 1103500 1032000 941730 946030 1065700 1004700 959290 997620 1102600 1067200 1021300 1026600 1121200 1069500 1011000 996520 1060800 1015900 995050 1003900 1089000 1037800 979750 937930 1040800 1027900 983250 956250 1010700 984230 932940 889430 960090 884630 812950 771060 838500 775030 724210 700810 779800 722560 682360 678220 761120 710220 667120 614560 663350 625210 619940 606400 648080 600590 594250 572360 643100 621780 601550 569550 650930 637960 624950 657390 784480 771040 722350 743840 826090 787190 724140 717280 774200 738470 680790 704700 785940 722300 652790 625110 733230 783710 721150 702510 765220 748640 700520 719500 817660 809000 731390 731800 806540 804980 738170 767290 840800 805730 749030 777590 850980 829370 751130 759240 806750 747470 678300 670170 724370 697570 633320 630530 677300 637750 584520 582730 637050
458510 433150 784550 667660 427200 437740 786790 670240 419290 422110 767030 639230 396720 413910 754490 659440 432290 460400 855690 750500 490690 505030 892720 760230 470160 474440 816290 680750 423060 456570 832060 715090 456920 489620 863160 736490 452430 450100 760750 625280 383220 377540 675410 574250 370410 381140 696370 606030 395670 407410 742560 636920 408300 419340 762340 658120 420030 417470 729330 615640 389200 383930 680610 577410 364940 354170 616960 517500 318700 301880 507330 415340 253070 251430 451840 386890 253030 272250 499040 433810 277680 284500 504610 428120 266490 261720 456530 380720 240990 246290 452670 393450 255790 255600 462430 392940 247200 242450 481820 416710 275090 284700 564130 504620 333830 329350 593200 507550 316400 306220 521810 431080 262070 259270 452260 375220 230530 240780 427340 358470 223890 234670 426650 365630 228630 237150 434010 367390 238390 248340 486760 421620 275220 268340 498530 422740 264680 259430 523300 464270 313460 315670 623040 554820 367220 355210 664910 577290 370090 334100 600900 486340 295540 283300 549380 464010 301790 269130 540310 472390 293790 268320 505820 420470 264390 246120 466910 399090 254730 240610 451520 393960 254530 233550 418060 334510 190830 166650 323310 263090 158410 141700 295980 249230 150600 140810 249000 195690 114840 121400 244830 201520 124850 123180 219300 176750 110960 127940 268310 232010 116490 127550 285760 243390 156150 123290 259740 206050 107370 109900 233200 180100 104510 109400 228340 181770 102330 101600 212070 179380 99901 101540 231680 189760 116710 118840 235740 181970 99670 98292 214840 169650 91875 79153 196500 150580 48575 53574 172660 128990 68543 71324 204820 150100
34870 35807 32192 35004 35781 36523 32284 32762 32849 34343 30680 30486 31704 33937 29868 31511 33794 35775 31556 33424 34824 35565 30624 31890 32683 33490 28906 29840 30635 31184 27047 28294 29079 28945 24606 24984 25267 25595 21778 22385 23349 24111 20963 23274 26503 27632 24027 25860 28526 30964 26926 27470 28348 29216 24964 24429 24908 25285 21309 21463 22026 22448 19052 19426 20694 21240 17745 17856 18449 18957 16127 16599 17048 18083 16028 16754 17603 18416 16559 17667 18281 18596 15942 16704 18090 18786 16208 17016 18229 18948 16479 17192 18024 18559 16132 16953 17626 18627 16847 18029 19771 21639 19530 20833 22597 24009 21179 22350 23349 23322 20134 21232 21679 21645 18536 18852 19201 19664 17261 17880 18470 18659 16726 18100 19148 19791 17859 19595 20522 20804 18672 20493 21540 22383 20481 22255 23654 24780 22461 24374 25648 26173 22780 23357 23643 23660 20270 20672 20632 20037 17045 18099 19229 19610 17283 18781 20700 21589 19216 20608 21757 22321 19354 20035 20341 20149 17261 17610 17643 17313 14940 15986 16789 16739 14393 15432 16608 17101 14702 16454 18831 19073 16550 17711 18799 19378 17093 17822 17660 17393 15325 16236 16589 16652 14481 15489 16416 16513 14136 14963 16437 17367 14984 16078 17860 18927 16411 16920 17567 17996 16171 17261 17439 17487 15492 17149 18628 19117 16816 17968 19212 20603 19272 20741 21423 22393 20669 22588 23184 23388 20949 22443 22740 22588 19469 20374 21158 21119 17997 18564 19142 19608 17112 17707
# MFCL forcing region number
 2
# use mean forcing
 0
#
# T12  phase  initial value
        1     0.01
# T21  phase  initial value
        1     0.002
# r    phase  initial value
        1     1.2 
# K    phase  initial value
       -1     144800
# sdlogF    phase  initial values
            -1     0.4 0.4 0.4 0.4 0.4
# sdlogPop    phase  initial values
               1     0.1  0.1
# rho phase initial value
      -1    0.0
# sdlogYield  phase initial values
               1    1.0  1.0  1.0  1.0  1.0
# meanProportion_Local phase initial value
                       -1    0.9
# sdLproportion_local phase initial value
                      -1    2.72
# qProp phase initial value
         1    0.54
# robust yield likelihood
# use pfat_phase pfat initial values
  0   -1  0.05 0.05 0.05 0.05 0.05

