#
# Number of fishing gears
5
# Number of time periods
61
# Time step (years)
1,0
# Catch data file path
# five_gears_a.dat
0 0 0 0 0 0 0 0 0 0 0 0 0 0 0 0 0 0 0 0 0 0 0 0 0 0 0 0 0 0 8.98884 107.6601 307.0126 402.5351 860.8825 638.1051 523.0274 509.2355 360.2571 609.7737 685.2075 825.1067 796.9931 791.6026 736.0584 552.7263 692.0631 956.8753 656.5178 535.2857 322.7981 272.3264 287.0759 274.5971 176.2397 178.2695 185.0965 256.0016 218.7186 308.0396 324.226
0.166922 1.011057 1.31315 1.567162 1.870615 10.43126 14.0981 6.047747 4.976362 2.327382 1.637468 2.27658 4.082785 3.384253 3.664573 10.12464 4.219316 11.89455 14.31674 23.66391 33.57309 58.99332 116.4816 302.9734 288.5328 240.8299 282.5899 297.1765 266.7686 215.8959 150.2879 177.3841 185.7066 271.8034 374.4233 476.1767 249.513 123.2129 290.4089 164.6291 237.4665 215.1751 317.9029 331.7475 210.1335 186.5095 215.6283 229.0759 205.6302 191.9208 175.4482 233.8473 241.552 266.471 217.0149 336.0997 353.0554 335.1381 309.6249 359.2306 437.3356
236.8065 175.3792 153.3877 180.9226 88.37431 94.05691 114.8097 168.9577 136.71 141.578 100.4721 114.0463 122.4894 142.3391 151.1855 136.168 96.82065 104.143 220.8891 171.9932 156.566 95.65673 119.6255 90.48941 100.4136 163.0628 155.4906 68.81359 69.70626 58.67852 34.78963 65.04333 53.24721 21.5792 61.33794 22.45192 73.86253 337.2836 596.5416 260.3892 109.5816 177.1909 274.4406 379.5361 224.0006 327.4744 113.401 108.5733 162.4093 159.5729 60.37929 254.2766 236.9894 316.7328 197.1784 177.0555 276.22 92.74755 121.5787 233.5218 206.7786
45.1837 27.01778 9.412949 17.17029 17.68239 9.287757 4.668373 13.53338 13.34786 19.61696 12.82215 15.77095 18.54512 13.02536 27.73264 34.30746 27.10169 28.80674 25.07413 140.9271 139.2873 170.7744 243.2761 317.7791 368.9543 452.0039 388.0841 479.0335 669.1082 810.9696 461.3647 388.0406 135.5497 120.544 3.377902 9.307262 35.00554 0 0 0 0 0 0 2.257529 2.330104 2.704771 3.27403 0.8681758 0.3429158 0.4848902 0.7915187 8.624605 8.516197 6.935427 5.150541 8.550216 16.24768 10.31106 4.813522 5.786931 10.37638
13.55198 26.14144 14.06136 121.2126 21.41364 48.91994 47.92022 46.90236 4.490564 25.53544 15.98686 27.26544 57.00205 43.54623 22.05729 33.10907 44.59675 33.22564 17.94547 20.77634 22.99668 11.94853 23.42759 25.45152 42.27617 21.00813 61.68221 41.69965 87.91074 89.12636 102.3613 52.79588 53.38918 94.22293 105.9614 78.37985 76.05701 8.814661 9.994454 14.23781 14.44692 1.494133 0.8835979 8.564278 0 0 0 1.991271 0 0 0 6.48501 0 0 1.907356 8.898122 0 5.423604 0 0 0
# total_biomass.dat
1926890 197946 4318630 2491760 2687770 1436200 8014300 2343870 137873 1809500 199419 4487500 2560980 2481650 1219000 8019600 2321970 137350 1705340 190634 4391300 2571200 2354700 1166370 7256400 2247660 128358 1731050 176057 4233310 2505920 2413360 1279300 7438000 2224560 127020 1764860 179164 4610000 2726140 2778150 1310160 8059400 2498880 134549 2085730 246424 4887900 2812140 2793680 1256450 8316700 2648670 132903 2712150 379408 5183900 2829650 2458340 1366960 8561700
2441640 124919 2436820 454810 5580000 3173400 2404100 1673430 9040000 2426780 117160 1798770 388936 5384700 3499700 2463690 1673320 8853700 2546190 107614 1604110 295374 4558100 3108530 2372670 1406620 7525700 2288560 95025 1597850 252124 3887870 2576370 2209820 1388540 6271400 2010420 91697 1570320 253241 3749230 2596470 2306720 1749870 5977000 2053950 104022 1662780 295627 3892270 3054480 2419000 2089640 6484100 2182560 113886 1485600 329055 4165690 3409090 2415780
2081620 6756800 2248100 106957 1199170 319353 3951730 3385410 2379040 2009510 6436900 2182470 92965 969570 293007 3470570 3127100 2276240 1922770 5636700 2031150 82952 940410 304898 3069740 2918230 2038190 1965270 4805600 1853570 77535 1012480 342606 2783750 2844190 1669180 1901280 4193670 1543250 70132 991540 353046 2696470 2775730 1457870 1954050 4569100 1343230 67913 882400 327002 2919580 2967380 1511040 1821980 4951100 1458130 70245 928800 306173 2852250
2811750 1582400 1515320 4451300 1494910 69523 1029310 317556 2631160 2346560 1502620 1277140 3938830 1365460 70100 964150 360937 2527550 2014680 1493430 1038440 3680960 1333400 70848 966740 391590 2401120 1813400 1534470 1004600 3412510 1366760 69668 1015020 379845 2309980 1744550 1718150 1107220 3292650 1388180 71129 1154960 369097 2486010 1881700 1984410 1167590 3790090 1628540 81773 1391240 432074 2825740 2009490 1983530 1194250 4297700 1763930 90135 1409190
535400 2993360 2057940 1675820 1134000 4487700 1575510 88037 1232310 564850 2857330 1905010 1388650 956460 4612800 1348820 80712 1217940 525730 2699390 1702910 1289750 843590 4694000 1257120 74006 1265540 503200 2653670 1645110 1319520 826860 4570800 1250840 71955 1366110 514410 2678670 1619800 1495250 856390 4311700 1267180 76393 1150880 486780 2584590 1592610 1750060 848320 3985460 1395110 80491 1136340 449190 2422640 1559370 1861150 810680 4064210 1464830
86659 1174940 439860 2562970 1554810 2015310 786200 4236300 1511680 95269 1334320 435570 2583400 1537500 2341350 704920 4137820 1806990 97958 1538190 421310 2642140 1397920 2507180 619370 4103850 1964630 88245 1437410 361883 2760110 1391990 2316530 565330 3996280 1791430 75813 1367610 313722 2540500 1312160 2313810 556140 3978100 1592230 74903 1571340 318343 2458080 1215880 2268270 585990 3766690 1583620 82113 1825600 402174 2426830 1270360 2065030 674450
3307140 1488400 83467 1608530 471450 2222370 1280940 1844230 675620 2979850 1376510 75361 1609070 468010 2026040 1156860 1758850 602210 2844260 1340820 65882 1597580 431850 2019290 1089580 1597730 751040 2655250 1240650 63353 1629100 383431 2009320 1370310 1340130 866610 2499630 943880 64865 1568890 340638 2143510 1291050 1094290 756460 2410300 845320 72165 1833880 303055 1975300 937630 947280 738300 2443810 736100 73092 1500990 253460 1866050 878020
842960 745790 2704780 682590 66614 1149430 197233 1626250 886920 918790 696570 3063320 644080 63211 1043720 157831 1511730 749680 1062640 579090 3002810 739220 62028 1031690 140876 1571070 598560 1229280 512947 2909900 773190 64866 959720 140440 1508870 664590 1162180 527439 2733430 745230 70118 918070 158390 1433550 802020 1007660 569670 2972590 630570 68995 842740 188856 1335190 802910 986190 513360 2986320 624020 67567 681140 198649
1241920 706990 1060570 518705 3078730 595380 72529 712390 200238 1190420 718100 1144110 541835 3151240 622881 79828 709270 196664 1224100 710130 1140570 482046 3183330 653260 87073 753940 169948 1261250 575200 1085740 462532 3146490 582452 89964 900510 152857 1316070 522170 1008600 454284 2820310 518108 85171 925910 164615 1259700 633550 1071670 445640 2638720 403799 78838 1048730 182218 1257900 565110 1170460 529470 2442050 494787 73569
# MFCL forcing region number
 2
# use mean forcing
 0
#
# T12  phase  initial value
        1     0.01
# T21  phase  initial value
        1     0.002
# r    phase  initial value
       -1     1.2 
# K    phase  initial value
        1     144800
# sdlogF    phase  initial values
             1     0.3 0.3 0.3 0.3 0.3
# sdlogPop    phase  initial values
               2     0.1  0.1
#              1     0.1  0.1
# rho phase initial value
      -1    0.0
# sdlogYield  phase initial values
               1    1.0  1.0  1.0  1.0  1.0
# meanProportion_Local phase initial value
                       -1    0.9
# sdLproportion_local phase initial value
                      -1    2.72
#                     -1    4.6
# qProp phase initial value
#        2    0.75
        -1    0.54
# robust yield likelihood
# use pfat_phase pfat initial values
  1   -1         0.07 0.07 0.07 0.07 0.07

